0 0.51503759375 0.676666666015625 0.01315789453125 0.676666666015625 0.01315789453125 0.996666666015625 0.51503759375 0.996666666015625 0.51503759375 0.676666666015625
0 0.26315789453125 0.393333333984375 0.052631578125 0.393333333984375 0.052631578125 0.516666666015625 0.26315789453125 0.516666666015625 0.26315789453125 0.393333333984375
0 0.54511278125 0.493333333984375 0.325187970703125 0.493333333984375 0.325187970703125 0.676666666015625 0.54511278125 0.676666666015625 0.54511278125 0.493333333984375
0 0.7838345859375 0.72 0.593984962890625 0.72 0.593984962890625 0.866666666015625 0.7838345859375 0.866666666015625 0.7838345859375 0.72
0 0.902255638671875 1 0.902255638671875 0.896666666015625 0.7387218046875 0.896666666015625 0.7387218046875 1 0.902255638671875 1
0 0.2161654140625 0.133333333984375 0.088345865234375 0.133333333984375 0.088345865234375 0.293333333984375 0.2161654140625 0.293333333984375 0.2161654140625 0.133333333984375
0 0.4661654140625 0.276666666015625 0.375939849609375 0.276666666015625 0.375939849609375 0.38 0.4661654140625 0.38 0.4661654140625 0.276666666015625
0 0.4511278203125 0.203333333984375 0.359022556640625 0.203333333984375 0.359022556640625 0.29 0.4511278203125 0.29 0.4511278203125 0.203333333984375
0 0.492481203125 0.1 0.357142857421875 0.1 0.357142857421875 0.19 0.492481203125 0.19 0.492481203125 0.1
0 0.537593984375 0.18 0.4699248125 0.18 0.4699248125 0.263333333984375 0.537593984375 0.263333333984375 0.537593984375 0.18
0 0.689849625 0.383333333984375 0.601503759765625 0.383333333984375 0.601503759765625 0.48 0.689849625 0.48 0.689849625 0.383333333984375
0 0.875939849609375 0.486666666015625 0.7800751875 0.486666666015625 0.7800751875 0.583333333984375 0.875939849609375 0.583333333984375 0.875939849609375 0.486666666015625
0 1 0.376666666015625 0.930451126953125 0.376666666015625 0.930451126953125 0.506666666015625 1 0.506666666015625 1 0.376666666015625
0 0.883458646484375 0.21 0.80075187890625 0.21 0.80075187890625 0.306666666015625 0.883458646484375 0.306666666015625 0.883458646484375 0.21
0 0.772556390625 0.14 0.659774435546875 0.14 0.659774435546875 0.24 0.772556390625 0.24 0.772556390625 0.14
0 0 0.686666666015625 0.359022556640625 0.686666666015625 0.359022556640625 0.506666666015625 0 0.506666666015625 0 0.686666666015625