0 0.32 0.616666666015625 0.0025 0.616666666015625 0.0025 0.96 0.32 0.96 0.32 0.616666666015625
0 0.51 1 0.51 0.866666666015625 0.2975 0.866666666015625 0.2975 1 0.51 1
0 0.98 0.316666666015625 0.23 0.316666666015625 0.23 0.69 0.98 0.69 0.98 0.316666666015625
0 0.8975 0.643333333984375 0.6675 0.643333333984375 0.6675 0.906666666015625 0.8975 0.906666666015625 0.8975 0.643333333984375
0 0.47 0.113333333984375 0.3075 0.113333333984375 0.3075 0.23 0.47 0.23 0.47 0.113333333984375
0 0.6775 0.133333333984375 0.485 0.133333333984375 0.485 0.243333333984375 0.6775 0.243333333984375 0.6775 0.133333333984375
0 0.755 0.233333333984375 0.58 0.233333333984375 0.58 0.313333333984375 0.755 0.313333333984375 0.755 0.233333333984375
0 0.7675 0.146666666015625 0.6625 0.146666666015625 0.6625 0.233333333984375 0.7675 0.233333333984375 0.7675 0.146666666015625
0 0.89 0.106666666015625 0.7275 0.106666666015625 0.7275 0.193333333984375 0.89 0.193333333984375 0.89 0.106666666015625
0 0.305 0.08 0.205 0.08 0.205 0.156666666015625 0.305 0.156666666015625 0.305 0.08
0 0.35 0.046666666015625 0.26 0.046666666015625 0.26 0.09 0.35 0.09 0.35 0.046666666015625
0 0.4975 0.06 0.38 0.06 0.38 0.123333333984375 0.4975 0.123333333984375 0.4975 0.06
0 0.7225 0.036666666015625 0.49 0.036666666015625 0.49 0.136666666015625 0.7225 0.136666666015625 0.7225 0.036666666015625
0 0.8425 0.05 0.7475 0.05 0.7475 0.116666666015625 0.8425 0.116666666015625 0.8425 0.05
0 0.42 0.006666666015625 0.2775 0.006666666015625 0.2775 0.06 0.42 0.06 0.42 0.006666666015625
0 0.135 0.01 0.0625 0.01 0.0625 0.06 0.135 0.06 0.135 0.01
0 0.6 0 0.6 0.023333333984375 0.6525 0.023333333984375 0.6525 0 0.6 0