0 0.305 0.516666666015625 0.0025 0.516666666015625 0.0025 0.73 0.305 0.73 0.305 0.516666666015625
0 0.6125 0.653333333984375 0.4125 0.653333333984375 0.4125 0.81 0.6125 0.81 0.6125 0.653333333984375
0 0.76 0.49 0.5375 0.49 0.5375 0.613333333984375 0.76 0.613333333984375 0.76 0.49
0 1 0.6 0.795 0.6 0.795 0.783333333984375 1 0.783333333984375 1 0.6
0 0.9475 0.436666666015625 0.8375 0.436666666015625 0.8375 0.506666666015625 0.9475 0.506666666015625 0.9475 0.436666666015625
0 0.505 0.403333333984375 0.29 0.403333333984375 0.29 0.49 0.505 0.49 0.505 0.403333333984375
0 0 0.483333333984375 0.1675 0.483333333984375 0.1675 0.36 0 0.36 0 0.483333333984375
0 0.215 0.293333333984375 0.115 0.293333333984375 0.115 0.35 0.215 0.35 0.215 0.293333333984375
0 0.3425 0.27 0.24 0.27 0.24 0.373333333984375 0.3425 0.373333333984375 0.3425 0.27
0 0.6225 0.29 0.37 0.29 0.37 0.413333333984375 0.6225 0.413333333984375 0.6225 0.29
0 0.7775 0.306666666015625 0.645 0.306666666015625 0.645 0.37 0.7775 0.37 0.7775 0.306666666015625