0 0.45777777734375 0.733333333984375 0.3155555546875 0.733333333984375 0.3155555546875 0.916666666015625 0.45777777734375 0.916666666015625 0.45777777734375 0.733333333984375
0 0.5355555546875 0.7 0.44222222265625 0.7 0.44222222265625 0.82 0.5355555546875 0.82 0.5355555546875 0.7
0 0.3444444453125 0.553333333984375 0.1955555546875 0.553333333984375 0.1955555546875 0.7 0.3444444453125 0.7 0.3444444453125 0.553333333984375
0 0.488888888671875 0.556666666015625 0.4 0.556666666015625 0.4 0.643333333984375 0.488888888671875 0.643333333984375 0.488888888671875 0.556666666015625
0 0.7244444453125 0.543333333984375 0.528888888671875 0.543333333984375 0.528888888671875 0.66 0.7244444453125 0.66 0.7244444453125 0.543333333984375
0 0.973333333984375 0.7 0.711111111328125 0.7 0.711111111328125 0.876666666015625 0.973333333984375 0.876666666015625 0.973333333984375 0.7
0 0.49777777734375 0.466666666015625 0.38222222265625 0.466666666015625 0.38222222265625 0.53 0.49777777734375 0.53 0.49777777734375 0.466666666015625
0 0.366666666015625 0.453333333984375 0.2555555546875 0.453333333984375 0.2555555546875 0.55 0.366666666015625 0.55 0.366666666015625 0.453333333984375
0 0.211111111328125 0.463333333984375 0.17777777734375 0.463333333984375 0.17777777734375 0.506666666015625 0.211111111328125 0.506666666015625 0.211111111328125 0.463333333984375
0 0.391111111328125 0.406666666015625 0.2244444453125 0.406666666015625 0.2244444453125 0.466666666015625 0.391111111328125 0.466666666015625 0.391111111328125 0.406666666015625
0 0.326666666015625 0.36 0.24222222265625 0.36 0.24222222265625 0.406666666015625 0.326666666015625 0.406666666015625 0.326666666015625 0.36
0 0.693333333984375 0.706666666015625 0.548888888671875 0.706666666015625 0.548888888671875 0.86 0.693333333984375 0.86 0.693333333984375 0.706666666015625