0 0.484052533203125 0.583333333984375 0.324577861328125 0.583333333984375 0.324577861328125 0.733333333984375 0.484052533203125 0.733333333984375 0.484052533203125 0.583333333984375
0 0.78799249609375 0.733333333984375 0.5984990625 0.733333333984375 0.5984990625 0.97 0.78799249609375 0.97 0.78799249609375 0.733333333984375
0 0.793621013671875 0.606666666015625 0.5797373359375 0.606666666015625 0.5797373359375 0.726666666015625 0.793621013671875 0.726666666015625 0.793621013671875 0.606666666015625
0 0.647279548828125 0.493333333984375 0.583489681640625 0.493333333984375 0.583489681640625 0.563333333984375 0.647279548828125 0.563333333984375 0.647279548828125 0.493333333984375
0 0.560975609375 0.53 0.435272044921875 0.53 0.435272044921875 0.616666666015625 0.560975609375 0.616666666015625 0.560975609375 0.53
0 0.393996248046875 0.406666666015625 0.33020637890625 0.406666666015625 0.33020637890625 0.473333333984375 0.393996248046875 0.473333333984375 0.393996248046875 0.406666666015625
0 0 0.51 0.112570357421875 0.51 0.112570357421875 0.383333333984375 0 0.383333333984375 0 0.51
0 0.56848030078125 0.283333333984375 0.49155722265625 0.283333333984375 0.49155722265625 0.343333333984375 0.56848030078125 0.343333333984375 0.56848030078125 0.283333333984375
0 0.654784240234375 0.34 0.59099437109375 0.34 0.59099437109375 0.39 0.654784240234375 0.39 0.654784240234375 0.34
0 0.684803001953125 0.353333333984375 0.6585365859375 0.353333333984375 0.6585365859375 0.416666666015625 0.684803001953125 0.416666666015625 0.684803001953125 0.353333333984375
0 0.724202626953125 0.283333333984375 0.626641650390625 0.283333333984375 0.626641650390625 0.34 0.724202626953125 0.34 0.724202626953125 0.283333333984375
0 0.617260787109375 0.22 0.553470919921875 0.22 0.553470919921875 0.266666666015625 0.617260787109375 0.266666666015625 0.617260787109375 0.22
0 0.43151969921875 0.27 0.393996248046875 0.27 0.393996248046875 0.3 0.43151969921875 0.3 0.43151969921875 0.27
0 0.467166978515625 0.333333333984375 0.4409005625 0.333333333984375 0.4409005625 0.35 0.467166978515625 0.35 0.467166978515625 0.333333333984375
0 1 0.193333333984375 0.694183865234375 0.193333333984375 0.694183865234375 1 1 1 1 0.193333333984375