0 0.449648712890625 0.76 0.25058548046875 0.76 0.25058548046875 0.973333333984375 0.449648712890625 0.973333333984375 0.449648712890625 0.76
0 0.545667447265625 1 0.545667447265625 0.903333333984375 0.38407494140625 0.903333333984375 0.38407494140625 1 0.545667447265625 1
0 0.807962529296875 1 0.807962529296875 0.926666666015625 0.63934426171875 0.926666666015625 0.63934426171875 1 0.807962529296875 1
0 0.655737705078125 0.636666666015625 0.38875878125 0.636666666015625 0.38875878125 0.786666666015625 0.655737705078125 0.786666666015625 0.655737705078125 0.636666666015625
0 0.3793911015625 0.54 0.142857142578125 0.54 0.142857142578125 0.68 0.3793911015625 0.68 0.3793911015625 0.54
0 0.46838407421875 0.526666666015625 0.391100703125 0.526666666015625 0.391100703125 0.616666666015625 0.46838407421875 0.616666666015625 0.46838407421875 0.526666666015625
0 0.121779859375 0.44 0.016393443359375 0.44 0.016393443359375 0.53 0.121779859375 0.53 0.121779859375 0.44
0 0.229508197265625 0.45 0.135831380859375 0.45 0.135831380859375 0.55 0.229508197265625 0.55 0.229508197265625 0.45
0 0.477751755859375 0.376666666015625 0.21311475390625 0.376666666015625 0.21311475390625 0.496666666015625 0.477751755859375 0.496666666015625 0.477751755859375 0.376666666015625
0 1 0.48 0.92740046875 0.48 0.92740046875 0.606666666015625 1 0.606666666015625 1 0.48
0 0.819672130859375 0.46 0.658079625 0.46 0.658079625 0.533333333984375 0.819672130859375 0.533333333984375 0.819672130859375 0.46
0 0.754098361328125 0.38 0.655737705078125 0.38 0.655737705078125 0.456666666015625 0.754098361328125 0.456666666015625 0.754098361328125 0.38
0 0.313817330078125 0.316666666015625 0.22482435546875 0.316666666015625 0.22482435546875 0.346666666015625 0.313817330078125 0.346666666015625 0.313817330078125 0.316666666015625
0 0.4871194375 0.283333333984375 0.416861826171875 0.283333333984375 0.416861826171875 0.346666666015625 0.4871194375 0.346666666015625 0.4871194375 0.283333333984375
0 0.391100703125 0.28 0.3536299765625 0.28 0.3536299765625 0.333333333984375 0.391100703125 0.333333333984375 0.391100703125 0.28
0 0.234192037109375 0.263333333984375 0.147540984375 0.263333333984375 0.147540984375 0.316666666015625 0.234192037109375 0.316666666015625 0.234192037109375 0.263333333984375
0 0.309133490234375 0.263333333984375 0.25058548046875 0.263333333984375 0.25058548046875 0.31 0.309133490234375 0.31 0.309133490234375 0.263333333984375
0 0.416861826171875 0.236666666015625 0.35831381640625 0.236666666015625 0.35831381640625 0.28 0.416861826171875 0.28 0.416861826171875 0.236666666015625