0 0.4584615390625 0.75462962890625 0.313846154296875 0.75462962890625 0.313846154296875 0.87962962890625 0.4584615390625 0.87962962890625 0.4584615390625 0.75462962890625
0 0.53230769140625 0.6944444453125 0.433846154296875 0.6944444453125 0.433846154296875 0.791666666015625 0.53230769140625 0.791666666015625 0.53230769140625 0.6944444453125
0 0.916923076171875 0.712962962890625 0.7384615390625 0.712962962890625 0.7384615390625 0.842592591796875 0.916923076171875 0.842592591796875 0.916923076171875 0.712962962890625
0 0.7415384609375 0.5555555546875 0.624615384765625 0.5555555546875 0.624615384765625 0.62962962890625 0.7415384609375 0.62962962890625 0.7415384609375 0.5555555546875
0 0.603076923828125 0.5555555546875 0.526153845703125 0.5555555546875 0.526153845703125 0.638888888671875 0.603076923828125 0.638888888671875 0.603076923828125 0.5555555546875
0 0.335384615234375 0.5555555546875 0.19076923046875 0.5555555546875 0.19076923046875 0.689814814453125 0.335384615234375 0.689814814453125 0.335384615234375 0.5555555546875
0 0.486153845703125 0.44907407421875 0.37230769140625 0.44907407421875 0.37230769140625 0.537037037109375 0.486153845703125 0.537037037109375 0.486153845703125 0.44907407421875
0 0.34769230859375 0.4768518515625 0.27076923046875 0.4768518515625 0.27076923046875 0.55092592578125 0.34769230859375 0.55092592578125 0.34769230859375 0.4768518515625
0 0.3784615390625 0.421296296875 0.2584615390625 0.421296296875 0.2584615390625 0.453703703125 0.3784615390625 0.453703703125 0.3784615390625 0.421296296875
0 0.21230769140625 0.458333333984375 0.156923076171875 0.458333333984375 0.156923076171875 0.509259259765625 0.21230769140625 0.509259259765625 0.21230769140625 0.458333333984375
0 0.3415384609375 0.365740740234375 0.28 0.365740740234375 0.28 0.393518517578125 0.3415384609375 0.393518517578125 0.3415384609375 0.365740740234375
0 0.523076923828125 0.5694444453125 0.3815384609375 0.5694444453125 0.3815384609375 0.666666666015625 0.523076923828125 0.666666666015625 0.523076923828125 0.5694444453125