0 0.611458333984375 1 0.611458333984375 0.837037037109375 0.380208333984375 0.837037037109375 0.380208333984375 1 0.611458333984375 1
0 0.76875 1 0.76875 0.862962962890625 0.647916666015625 0.862962962890625 0.647916666015625 1 0.76875 1
0 0 0.990740740234375 0.46875 0.990740740234375 0.46875 0.62407407421875 0 0.62407407421875 0 0.990740740234375
0 0.6875 0.546296296875 0.385416666015625 0.546296296875 0.385416666015625 0.737037037109375 0.6875 0.737037037109375 0.6875 0.546296296875
0 0.786458333984375 0.703703703125 0.514583333984375 0.703703703125 0.514583333984375 0.87962962890625 0.786458333984375 0.87962962890625 0.786458333984375 0.703703703125
0 1 0.490740740234375 0.73125 0.490740740234375 0.73125 0.842592591796875 1 0.842592591796875 1 0.490740740234375
0 0.217708333984375 0.52222222265625 0.076041666015625 0.52222222265625 0.076041666015625 0.590740740234375 0.217708333984375 0.590740740234375 0.217708333984375 0.52222222265625
0 0.285416666015625 0.453703703125 0.164583333984375 0.453703703125 0.164583333984375 0.507407408203125 0.285416666015625 0.507407408203125 0.285416666015625 0.453703703125
0 0.564583333984375 0.4555555546875 0.4625 0.4555555546875 0.4625 0.52407407421875 0.564583333984375 0.52407407421875 0.564583333984375 0.4555555546875
0 0.720833333984375 0.4481481484375 0.586458333984375 0.4481481484375 0.586458333984375 0.514814814453125 0.720833333984375 0.514814814453125 0.720833333984375 0.4481481484375
0 0.466666666015625 0.366666666015625 0.398958333984375 0.366666666015625 0.398958333984375 0.407407408203125 0.466666666015625 0.407407408203125 0.466666666015625 0.366666666015625
0 0.438541666015625 0.307407408203125 0.365625 0.307407408203125 0.365625 0.335185185546875 0.438541666015625 0.335185185546875 0.438541666015625 0.307407408203125
0 0.373958333984375 0.361111111328125 0.307291666015625 0.361111111328125 0.307291666015625 0.392592591796875 0.373958333984375 0.392592591796875 0.373958333984375 0.361111111328125
0 0.134375 0.42037037109375 0.045833333984375 0.42037037109375 0.045833333984375 0.481481482421875 0.134375 0.481481482421875 0.134375 0.42037037109375
0 0 0.618518517578125 0.054166666015625 0.618518517578125 0.054166666015625 0.453703703125 0 0.453703703125 0 0.618518517578125
0 0.4375 0.37962962890625 0.2625 0.37962962890625 0.2625 0.518518517578125 0.4375 0.518518517578125 0.4375 0.37962962890625
0 0.646875 0.37777777734375 0.513541666015625 0.37777777734375 0.513541666015625 0.459259259765625 0.646875 0.459259259765625 0.646875 0.37777777734375
0 1 0.32962962890625 0.655208333984375 0.32962962890625 0.655208333984375 0.537037037109375 1 0.537037037109375 1 0.32962962890625
0 0.657291666015625 0.264814814453125 0.434375 0.264814814453125 0.434375 0.3555555546875 0.657291666015625 0.3555555546875 0.657291666015625 0.264814814453125
0 0.369791666015625 0.52962962890625 0.305208333984375 0.52962962890625 0.305208333984375 0.568518517578125 0.369791666015625 0.568518517578125 0.369791666015625 0.52962962890625
0 0 0.416666666015625 0.041666666015625 0.416666666015625 0.041666666015625 0.32592592578125 0 0.32592592578125 0 0.416666666015625
0 0.2875 0.340740740234375 0.158333333984375 0.340740740234375 0.158333333984375 0.42222222265625 0.2875 0.42222222265625 0.2875 0.340740740234375