0 0.455 0.7578347578125 0.239 0.7578347578125 0.239 0.97293447265625 0.455 0.97293447265625 0.455 0.7578347578125
0 0.655 0.631054130859375 0.404 0.631054130859375 0.404 0.8119658125 0.655 0.8119658125 0.655 0.631054130859375
0 0.47 0.52706552734375 0.374 0.52706552734375 0.374 0.639601138671875 0.47 0.639601138671875 0.47 0.52706552734375
0 0.388 0.545584044921875 0.146 0.545584044921875 0.146 0.69230769140625 0.388 0.69230769140625 0.388 0.545584044921875
0 0.331 0.48860398828125 0.259 0.48860398828125 0.259 0.54985755078125 0.331 0.54985755078125 0.331 0.48860398828125
0 0.243 0.467236466796875 0.131 0.467236466796875 0.131 0.54985755078125 0.243 0.54985755078125 0.243 0.467236466796875
0 0.136 0.423076923828125 0.028 0.423076923828125 0.028 0.517094017578125 0.136 0.517094017578125 0.136 0.423076923828125
0 0.271 0.376068376953125 0.198 0.376068376953125 0.198 0.4301994296875 0.271 0.4301994296875 0.271 0.376068376953125
0 0.337 0.37037037109375 0.285 0.37037037109375 0.285 0.4145299140625 0.337 0.4145299140625 0.337 0.37037037109375
0 0.536 0.41880341796875 0.192 0.41880341796875 0.192 0.528490029296875 0.536 0.528490029296875 0.536 0.41880341796875
0 0.837 1 0.837 0.90170940234375 0.642 0.90170940234375 0.642 1 0.837 1
0 1 0.45726495703125 0.907 0.45726495703125 0.907 0.59686609765625 1 0.59686609765625 1 0.45726495703125
0 0.806 0.452991453125 0.675 0.452991453125 0.675 0.568376068359375 0.806 0.568376068359375 0.806 0.452991453125
0 0.815 0.32478632421875 0.706 0.32478632421875 0.706 0.4131054140625 0.815 0.4131054140625 0.815 0.32478632421875
0 0.753 0.364672365234375 0.629 0.364672365234375 0.629 0.454415955078125 0.753 0.454415955078125 0.753 0.364672365234375
0 0.608 0.33190883203125 0.553 0.33190883203125 0.553 0.38603988671875 0.608 0.38603988671875 0.608 0.33190883203125
0 0.554 0.29344729296875 0.505 0.29344729296875 0.505 0.337606837890625 0.554 0.337606837890625 0.554 0.29344729296875
0 0.624 0.259259259765625 0.581 0.259259259765625 0.581 0.310541310546875 0.624 0.310541310546875 0.624 0.259259259765625
0 0.688 0.26210826171875 0.654 0.26210826171875 0.654 0.299145298828125 0.688 0.299145298828125 0.688 0.26210826171875
0 0.735 0.264957265625 0.703 0.264957265625 0.703 0.29344729296875 0.735 0.29344729296875 0.735 0.264957265625
0 0.393 0.239316240234375 0.353 0.239316240234375 0.353 0.28062678125 0.393 0.28062678125 0.393 0.239316240234375
0 0.334 0.235042734375 0.3 0.235042734375 0.3 0.287749287109375 0.334 0.287749287109375 0.334 0.235042734375
0 0.215 0.266381765625 0.148 0.266381765625 0.148 0.294871794921875 0.215 0.294871794921875 0.215 0.266381765625
0 0.313 0.310541310546875 0.198 0.310541310546875 0.198 0.34330484375 0.313 0.34330484375 0.313 0.310541310546875
0 0.384 0.32478632421875 0.339 0.32478632421875 0.339 0.358974359375 0.384 0.358974359375 0.384 0.32478632421875
0 0.436 0.334757833984375 0.404 0.334757833984375 0.404 0.390313390625 0.436 0.390313390625 0.436 0.334757833984375
0 0.468 0.28062678125 0.432 0.28062678125 0.432 0.32478632421875 0.468 0.32478632421875 0.468 0.28062678125
0 0.504 0.225071224609375 0.464 0.225071224609375 0.464 0.259259259765625 0.504 0.259259259765625 0.504 0.225071224609375
0 0.322 0.189458689453125 0.305 0.189458689453125 0.305 0.201566951171875 0.322 0.201566951171875 0.322 0.189458689453125
0 0.314 0.16809116796875 0.285 0.16809116796875 0.285 0.1801994296875 0.314 0.1801994296875 0.314 0.16809116796875
0 0.4005 0.178062677734375 0.361 0.178062677734375 0.361 0.19230769140625 0.4005 0.19230769140625 0.4005 0.178062677734375
0 0.351 0.19943019921875 0.337 0.19943019921875 0.337 0.208689458984375 0.351 0.208689458984375 0.351 0.19943019921875
0 0.4125 0.200854701171875 0.3935 0.200854701171875 0.3935 0.21438746484375 0.4125 0.21438746484375 0.4125 0.200854701171875
0 0.4495 0.202279203125 0.4205 0.202279203125 0.4205 0.225071224609375 0.4495 0.225071224609375 0.4495 0.202279203125
0 0.4895 0.1958689453125 0.4575 0.1958689453125 0.4575 0.21866096875 0.4895 0.21866096875 0.4895 0.1958689453125
0 0.356 0.16809116796875 0.3335 0.16809116796875 0.3335 0.185897435546875 0.356 0.185897435546875 0.356 0.16809116796875
0 0.8795 0.2414529921875 0.8275 0.2414529921875 0.8275 0.28490028515625 0.8795 0.28490028515625 0.8795 0.2414529921875
0 0.5765 0.209401708984375 0.5095 0.209401708984375 0.5095 0.251424501953125 0.5765 0.251424501953125 0.5765 0.209401708984375
0 0.2895 0.251424501953125 0.2415 0.251424501953125 0.2415 0.296296296875 0.2895 0.296296296875 0.2895 0.251424501953125