0 0.5225 0.67 0.325 0.67 0.325 0.76 0.5225 0.76 0.5225 0.67
0 0.725 0.783333333984375 0.5925 0.783333333984375 0.5925 0.906666666015625 0.725 0.906666666015625 0.725 0.783333333984375
0 0.155 0.61 0.0025 0.61 0.0025 0.71 0.155 0.71 0.155 0.61
0 0.4825 0.59 0.3675 0.59 0.3675 0.64 0.4825 0.64 0.4825 0.59
0 0.6375 0.606666666015625 0.52 0.606666666015625 0.52 0.683333333984375 0.6375 0.683333333984375 0.6375 0.606666666015625
0 0.5925 0.55 0.4975 0.55 0.4975 0.583333333984375 0.5925 0.583333333984375 0.5925 0.55
0 0.1875 0.55 0.09 0.55 0.09 0.596666666015625 0.1875 0.596666666015625 0.1875 0.55
0 0.2325 0.51 0.1375 0.51 0.1375 0.563333333984375 0.2325 0.563333333984375 0.2325 0.51
0 0.4625 0.49 0.38 0.49 0.38 0.533333333984375 0.4625 0.533333333984375 0.4625 0.49
0 0.7 0.46 0.5625 0.46 0.5625 0.503333333984375 0.7 0.503333333984375 0.7 0.46
0 0.78 0.496666666015625 0.68 0.496666666015625 0.68 0.543333333984375 0.78 0.543333333984375 0.78 0.496666666015625