0 0.33984375 0.802734375 0.12109375 0.802734375 0.12109375 0.953125 0.33984375 0.953125 0.33984375 0.802734375
0 0.55859375 1 0.55859375 0.84375 0.37109375 0.84375 0.37109375 1 0.55859375 1
0 0.748046875 1 0.748046875 0.7890625 0.67578125 0.7890625 0.67578125 1 0.748046875 1
0 0.908203125 1 0.908203125 0.84765625 0.806640625 0.84765625 0.806640625 1 0.908203125 1
0 0 0.62109375 0.1015625 0.62109375 0.1015625 0.529296875 0 0.529296875 0 0.62109375
0 0.455078125 0.39453125 0.16015625 0.39453125 0.16015625 0.513671875 0.455078125 0.513671875 0.455078125 0.39453125
0 0.63671875 0.48828125 0.4375 0.48828125 0.4375 0.62890625 0.63671875 0.62890625 0.63671875 0.48828125
0 0.77734375 0.576171875 0.6796875 0.576171875 0.6796875 0.671875 0.77734375 0.671875 0.77734375 0.576171875
0 0.7421875 0.44140625 0.6875 0.44140625 0.6875 0.49609375 0.7421875 0.49609375 0.7421875 0.44140625
0 0.6640625 0.240234375 0.4609375 0.240234375 0.4609375 0.48046875 0.6640625 0.48046875 0.6640625 0.240234375
0 0.896484375 0.12109375 0.50390625 0.12109375 0.50390625 0.21484375 0.896484375 0.21484375 0.896484375 0.12109375