0 0.5575 0.66 0.295 0.66 0.295 0.813333333984375 0.5575 0.813333333984375 0.5575 0.66
0 0 0.723333333984375 0.16 0.723333333984375 0.16 0.6 0 0.6 0 0.723333333984375
0 0.2 0.54 0.065 0.54 0.065 0.62 0.2 0.62 0.2 0.54
0 0.2575 0.516666666015625 0.125 0.516666666015625 0.125 0.576666666015625 0.2575 0.576666666015625 0.2575 0.516666666015625
0 0.29 0.44 0.2025 0.44 0.2025 0.5 0.29 0.5 0.29 0.44
0 0.4875 0.463333333984375 0.3725 0.463333333984375 0.3725 0.543333333984375 0.4875 0.543333333984375 0.4875 0.463333333984375
0 0.4925 0.56 0.375 0.56 0.375 0.64 0.4925 0.64 0.4925 0.56
0 0.615 0.526666666015625 0.5 0.526666666015625 0.5 0.596666666015625 0.615 0.596666666015625 0.615 0.526666666015625
0 0.6625 0.596666666015625 0.515 0.596666666015625 0.515 0.7 0.6625 0.7 0.6625 0.596666666015625
0 0.75 0.75 0.585 0.75 0.585 0.96 0.75 0.96 0.75 0.75
0 0.8075 0.483333333984375 0.67 0.483333333984375 0.67 0.593333333984375 0.8075 0.593333333984375 0.8075 0.483333333984375
0 0.7325 0.443333333984375 0.5225 0.443333333984375 0.5225 0.51 0.7325 0.51 0.7325 0.443333333984375
0 0.5725 0.416666666015625 0.475 0.416666666015625 0.475 0.453333333984375 0.5725 0.453333333984375 0.5725 0.416666666015625
0 0.5575 0.363333333984375 0.4825 0.363333333984375 0.4825 0.406666666015625 0.5575 0.406666666015625 0.5575 0.363333333984375
0 0.3425 0.416666666015625 0.275 0.416666666015625 0.275 0.463333333984375 0.3425 0.463333333984375 0.3425 0.416666666015625
0 0.3375 0.353333333984375 0.195 0.353333333984375 0.195 0.426666666015625 0.3375 0.426666666015625 0.3375 0.353333333984375
0 0.3975 0.316666666015625 0.315 0.316666666015625 0.315 0.4 0.3975 0.4 0.3975 0.316666666015625
0 0.6675 0.27 0.4175 0.27 0.4175 0.346666666015625 0.6675 0.346666666015625 0.6675 0.27
0 0.9225 0.26 0.75 0.26 0.75 0.39 0.9225 0.39 0.9225 0.26
0 1 0.366666666015625 0.87 0.366666666015625 0.87 0.606666666015625 1 0.606666666015625 1 0.366666666015625