0 0.959839357421875 0.583333333984375 0.51004016015625 0.583333333984375 0.51004016015625 0.81 0.959839357421875 0.81 0.959839357421875 0.583333333984375
0 0.4819277109375 0.516666666015625 0.1626506015625 0.516666666015625 0.1626506015625 0.633333333984375 0.4819277109375 0.633333333984375 0.4819277109375 0.516666666015625
0 0.307228916015625 0.433333333984375 0.036144578125 0.433333333984375 0.036144578125 0.516666666015625 0.307228916015625 0.516666666015625 0.307228916015625 0.433333333984375
0 0.190763052734375 0.333333333984375 0.068273091796875 0.333333333984375 0.068273091796875 0.406666666015625 0.190763052734375 0.406666666015625 0.190763052734375 0.333333333984375
0 0.568273091796875 0.386666666015625 0.36546184765625 0.386666666015625 0.36546184765625 0.483333333984375 0.568273091796875 0.483333333984375 0.568273091796875 0.386666666015625
0 0.423694779296875 0.243333333984375 0.22489959765625 0.243333333984375 0.22489959765625 0.333333333984375 0.423694779296875 0.333333333984375 0.423694779296875 0.243333333984375
0 0.58232931640625 0.21 0.45381526171875 0.21 0.45381526171875 0.31 0.58232931640625 0.31 0.58232931640625 0.21
0 0.6947791171875 0.16 0.5883534140625 0.16 0.5883534140625 0.21 0.6947791171875 0.21 0.6947791171875 0.16
0 0.56425702734375 0.133333333984375 0.439759037109375 0.133333333984375 0.439759037109375 0.183333333984375 0.56425702734375 0.183333333984375 0.56425702734375 0.133333333984375
0 0.592369478515625 0.13 0.576305220703125 0.13 0.576305220703125 0.176666666015625 0.592369478515625 0.176666666015625 0.592369478515625 0.13
0 0.5903614453125 0.166666666015625 0.560240962890625 0.166666666015625 0.560240962890625 0.196666666015625 0.5903614453125 0.196666666015625 0.5903614453125 0.166666666015625