0 0.7925 0.346666666015625 0.005 0.346666666015625 0.005 0.883333333984375 0.7925 0.883333333984375 0.7925 0.346666666015625
0 0.4175 0.216666666015625 0.275 0.216666666015625 0.275 0.32 0.4175 0.32 0.4175 0.216666666015625
0 0.69 0.183333333984375 0.57 0.183333333984375 0.57 0.256666666015625 0.69 0.256666666015625 0.69 0.183333333984375
0 0.72 0.29 0.5325 0.29 0.5325 0.413333333984375 0.72 0.413333333984375 0.72 0.29
0 0.9 0.286666666015625 0.77 0.286666666015625 0.77 0.383333333984375 0.9 0.383333333984375 0.9 0.286666666015625
0 1 0.27 0.8875 0.27 0.8875 0.343333333984375 1 0.343333333984375 1 0.27
0 0.785 0.156666666015625 0.685 0.156666666015625 0.685 0.236666666015625 0.785 0.236666666015625 0.785 0.156666666015625
0 0.9025 0.116666666015625 0.79 0.116666666015625 0.79 0.206666666015625 0.9025 0.206666666015625 0.9025 0.116666666015625
0 0.5525 0.196666666015625 0.4625 0.196666666015625 0.4625 0.273333333984375 0.5525 0.273333333984375 0.5525 0.196666666015625
0 0.5 0.103333333984375 0.3875 0.103333333984375 0.3875 0.166666666015625 0.5 0.166666666015625 0.5 0.103333333984375
0 0 0.353333333984375 0.38 0.353333333984375 0.38 0.136666666015625 0 0.136666666015625 0 0.353333333984375