0 0.61163226953125 1 0.61163226953125 0.676666666015625 0.373358349609375 0.676666666015625 0.373358349609375 1 0.61163226953125 1
0 0.6585365859375 0.596666666015625 0.555347091796875 0.596666666015625 0.555347091796875 0.733333333984375 0.6585365859375 0.733333333984375 0.6585365859375 0.596666666015625
0 0.617260787109375 0.303333333984375 0.4202626640625 0.303333333984375 0.4202626640625 0.616666666015625 0.617260787109375 0.616666666015625 0.617260787109375 0.303333333984375
0 0.56848030078125 0.21 0.425891181640625 0.21 0.425891181640625 0.313333333984375 0.56848030078125 0.313333333984375 0.56848030078125 0.21
0 0.35084427734375 0.433333333984375 0.183864916015625 0.433333333984375 0.183864916015625 0.7 0.35084427734375 0.7 0.35084427734375 0.433333333984375
0 0.634146341796875 0.14 0.4990619140625 0.14 0.4990619140625 0.263333333984375 0.634146341796875 0.263333333984375 0.634146341796875 0.14
0 1 0.246666666015625 0.83864915625 0.246666666015625 0.83864915625 0.436666666015625 1 0.436666666015625 1 0.246666666015625
0 0.09005628515625 0.456666666015625 0.033771107421875 0.456666666015625 0.033771107421875 0.52 0.09005628515625 0.52 0.09005628515625 0.456666666015625
0 0.153846154296875 0.36 0.106941837890625 0.36 0.106941837890625 0.416666666015625 0.153846154296875 0.416666666015625 0.153846154296875 0.36
0 0.313320826171875 0.2 0.193245779296875 0.2 0.193245779296875 0.293333333984375 0.313320826171875 0.293333333984375 0.313320826171875 0.2
0 0.433395873046875 0.223333333984375 0.377110693359375 0.223333333984375 0.377110693359375 0.28 0.433395873046875 0.28 0.433395873046875 0.223333333984375