0 0.74336283203125 0.783333333984375 0.63938053125 0.783333333984375 0.63938053125 0.92 0.74336283203125 0.92 0.74336283203125 0.783333333984375
0 0.595132744140625 0.803333333984375 0.460176990234375 0.803333333984375 0.460176990234375 0.913333333984375 0.595132744140625 0.913333333984375 0.595132744140625 0.803333333984375
0 0.351769912109375 0.743333333984375 0.25663716796875 0.743333333984375 0.25663716796875 0.843333333984375 0.351769912109375 0.843333333984375 0.351769912109375 0.743333333984375
0 0.539823009765625 0.666666666015625 0.365044248046875 0.666666666015625 0.365044248046875 0.78 0.539823009765625 0.78 0.539823009765625 0.666666666015625
0 0.670353982421875 0.543333333984375 0.584070796875 0.543333333984375 0.584070796875 0.616666666015625 0.670353982421875 0.616666666015625 0.670353982421875 0.543333333984375
0 0.411504423828125 0.463333333984375 0.33185840625 0.463333333984375 0.33185840625 0.523333333984375 0.411504423828125 0.523333333984375 0.411504423828125 0.463333333984375
0 0.4314159296875 0.526666666015625 0.358407080078125 0.526666666015625 0.358407080078125 0.586666666015625 0.4314159296875 0.586666666015625 0.4314159296875 0.526666666015625
0 0.411504423828125 0.596666666015625 0.36725663671875 0.596666666015625 0.36725663671875 0.636666666015625 0.411504423828125 0.636666666015625 0.411504423828125 0.596666666015625
0 0.57522123828125 0.366666666015625 0.462389380859375 0.366666666015625 0.462389380859375 0.446666666015625 0.57522123828125 0.446666666015625 0.57522123828125 0.366666666015625
0 0.378318583984375 0.326666666015625 0.345132744140625 0.326666666015625 0.345132744140625 0.37 0.378318583984375 0.37 0.378318583984375 0.326666666015625
0 0.36946902734375 0.24 0.294247787109375 0.24 0.294247787109375 0.283333333984375 0.36946902734375 0.283333333984375 0.36946902734375 0.24
0 0.33185840625 1 0.33185840625 0.93 0.25663716796875 0.93 0.25663716796875 1 0.33185840625 1