0 0.1782363984375 0.69 0.0187617265625 0.69 0.0187617265625 0.916666666015625 0.1782363984375 0.916666666015625 0.1782363984375 0.69
0 0.264540337890625 0.823333333984375 0.15009380859375 0.823333333984375 0.15009380859375 0.966666666015625 0.264540337890625 0.966666666015625 0.264540337890625 0.823333333984375
0 0.407129455078125 0.833333333984375 0.2983114453125 0.833333333984375 0.2983114453125 0.956666666015625 0.407129455078125 0.956666666015625 0.407129455078125 0.833333333984375
0 0.555347091796875 0.803333333984375 0.425891181640625 0.803333333984375 0.425891181640625 0.966666666015625 0.555347091796875 0.966666666015625 0.555347091796875 0.803333333984375
0 0.70919324609375 1 0.70919324609375 0.9 0.5422138828125 0.9 0.5422138828125 1 0.70919324609375 1
0 0.375234521484375 0.67 0.27954971875 0.67 0.27954971875 0.786666666015625 0.375234521484375 0.786666666015625 0.375234521484375 0.67
0 0.476547841796875 0.68 0.39024390234375 0.68 0.39024390234375 0.81 0.476547841796875 0.81 0.476547841796875 0.68
0 0.622889306640625 0.703333333984375 0.521575984375 0.703333333984375 0.521575984375 0.836666666015625 0.622889306640625 0.836666666015625 0.622889306640625 0.703333333984375
0 1 0.82 0.844277673828125 0.82 0.844277673828125 1 1 1 1 0.82
0 0.947467166015625 0.566666666015625 0.59099437109375 0.566666666015625 0.59099437109375 0.826666666015625 0.947467166015625 0.826666666015625 0.947467166015625 0.566666666015625
0 0.587242025390625 0.466666666015625 0.4577861171875 0.466666666015625 0.4577861171875 0.593333333984375 0.587242025390625 0.593333333984375 0.587242025390625 0.466666666015625
0 0.41088180078125 0.503333333984375 0.305816134765625 0.503333333984375 0.305816134765625 0.6 0.41088180078125 0.6 0.41088180078125 0.503333333984375
0 0.455909943359375 0.516666666015625 0.4015009375 0.516666666015625 0.4015009375 0.576666666015625 0.455909943359375 0.576666666015625 0.455909943359375 0.516666666015625
0 0.4990619140625 0.543333333984375 0.433395873046875 0.543333333984375 0.433395873046875 0.603333333984375 0.4990619140625 0.603333333984375 0.4990619140625 0.543333333984375
0 0.223264541015625 0.49 0.07129455859375 0.49 0.07129455859375 0.62 0.223264541015625 0.62 0.223264541015625 0.49
0 0.412757974609375 0.4 0.343339587890625 0.4 0.343339587890625 0.47 0.412757974609375 0.47 0.412757974609375 0.4
0 0.521575984375 0.406666666015625 0.439024390625 0.406666666015625 0.439024390625 0.483333333984375 0.521575984375 0.483333333984375 0.521575984375 0.406666666015625
0 0.6998123828125 0.393333333984375 0.634146341796875 0.393333333984375 0.634146341796875 0.483333333984375 0.6998123828125 0.483333333984375 0.6998123828125 0.393333333984375
0 0.606003751953125 0.346666666015625 0.53095684765625 0.346666666015625 0.53095684765625 0.4 0.606003751953125 0.4 0.606003751953125 0.346666666015625
0 0.474671669921875 0.336666666015625 0.399624765625 0.336666666015625 0.399624765625 0.38 0.474671669921875 0.38 0.474671669921875 0.336666666015625
0 0.393996248046875 0.366666666015625 0.31894934375 0.366666666015625 0.31894934375 0.413333333984375 0.393996248046875 0.413333333984375 0.393996248046875 0.366666666015625
0 0.373358349609375 0.316666666015625 0.3377110703125 0.316666666015625 0.3377110703125 0.366666666015625 0.373358349609375 0.366666666015625 0.373358349609375 0.316666666015625
0 0.506566603515625 0.286666666015625 0.4221388359375 0.286666666015625 0.4221388359375 0.35 0.506566603515625 0.35 0.506566603515625 0.286666666015625
0 0.482176359375 0.26 0.403377111328125 0.26 0.403377111328125 0.283333333984375 0.482176359375 0.283333333984375 0.482176359375 0.26
0 0.393996248046875 0.243333333984375 0.352720451171875 0.243333333984375 0.352720451171875 0.286666666015625 0.393996248046875 0.286666666015625 0.393996248046875 0.243333333984375
0 0.285178236328125 0.61 0.1819887421875 0.61 0.1819887421875 0.743333333984375 0.285178236328125 0.743333333984375 0.285178236328125 0.61