0 0.4015009375 0.416666666015625 0.33208255078125 0.416666666015625 0.33208255078125 0.483333333984375 0.4015009375 0.483333333984375 0.4015009375 0.416666666015625
0 0.5422138828125 0.53 0.455909943359375 0.53 0.455909943359375 0.63 0.5422138828125 0.63 0.5422138828125 0.53
0 0.49155722265625 0.596666666015625 0.315196998046875 0.596666666015625 0.315196998046875 0.756666666015625 0.49155722265625 0.756666666015625 0.49155722265625 0.596666666015625
0 0.806754220703125 0.723333333984375 0.592870544921875 0.723333333984375 0.592870544921875 0.976666666015625 0.806754220703125 0.976666666015625 0.806754220703125 0.723333333984375
0 0.786116322265625 0.59 0.57223264453125 0.59 0.57223264453125 0.74 0.786116322265625 0.74 0.786116322265625 0.59
0 0.64915572265625 0.476666666015625 0.59099437109375 0.476666666015625 0.59099437109375 0.576666666015625 0.64915572265625 0.576666666015625 0.64915572265625 0.476666666015625
0 1 0.176666666015625 0.714821763671875 0.176666666015625 0.714821763671875 1 1 1 1 0.176666666015625
0 0.726078798828125 0.266666666015625 0.62851782421875 0.266666666015625 0.62851782421875 0.353333333984375 0.726078798828125 0.353333333984375 0.726078798828125 0.266666666015625
0 0.6622889296875 0.35 0.587242025390625 0.35 0.587242025390625 0.406666666015625 0.6622889296875 0.406666666015625 0.6622889296875 0.35
0 0.69230769140625 0.36 0.6585365859375 0.36 0.6585365859375 0.413333333984375 0.69230769140625 0.413333333984375 0.69230769140625 0.36
0 0 0.53 0.123827392578125 0.53 0.123827392578125 0.37 0 0.37 0 0.53