0 0.84222222265625 0.373333333984375 0.7244444453125 0.373333333984375 0.7244444453125 0.433333333984375 0.84222222265625 0.433333333984375 0.84222222265625 0.373333333984375
0 0.993333333984375 0.49 0.82222222265625 0.49 0.82222222265625 0.626666666015625 0.993333333984375 0.626666666015625 0.993333333984375 0.49
0 0.608888888671875 0.366666666015625 0.528888888671875 0.366666666015625 0.528888888671875 0.406666666015625 0.608888888671875 0.406666666015625 0.608888888671875 0.366666666015625
0 0.64 0.426666666015625 0.446666666015625 0.426666666015625 0.446666666015625 0.486666666015625 0.64 0.486666666015625 0.64 0.426666666015625
0 0.6355555546875 0.52 0.2955555546875 0.52 0.2955555546875 0.643333333984375 0.6355555546875 0.643333333984375 0.6355555546875 0.52
0 0 0.956666666015625 0.34222222265625 0.956666666015625 0.34222222265625 0.76 0 0.76 0 0.956666666015625
0 0.266666666015625 0.433333333984375 0.186666666015625 0.433333333984375 0.186666666015625 0.52 0.266666666015625 0.52 0.266666666015625 0.433333333984375
0 0 0.67 0.1844444453125 0.67 0.1844444453125 0.51 0 0.51 0 0.67
0 0 0.513333333984375 0.173333333984375 0.513333333984375 0.173333333984375 0.38 0 0.38 0 0.513333333984375
0 0.7 0.253333333984375 0.668888888671875 0.253333333984375 0.668888888671875 0.28 0.7 0.28 0.7 0.253333333984375
0 0.766666666015625 0.313333333984375 0.726666666015625 0.313333333984375 0.726666666015625 0.363333333984375 0.766666666015625 0.363333333984375 0.766666666015625 0.313333333984375
0 0.593333333984375 0.256666666015625 0.5644444453125 0.256666666015625 0.5644444453125 0.276666666015625 0.593333333984375 0.276666666015625 0.593333333984375 0.256666666015625
0 0.531111111328125 0.25 0.50222222265625 0.25 0.50222222265625 0.266666666015625 0.531111111328125 0.266666666015625 0.531111111328125 0.25