0 0.5703125 0.86328125 0.390625 0.86328125 0.390625 0.97265625 0.5703125 0.97265625 0.5703125 0.86328125
0 0.66015625 0.814453125 0.533203125 0.814453125 0.533203125 0.890625 0.66015625 0.890625 0.66015625 0.814453125
0 0.32421875 0.79296875 0.2109375 0.79296875 0.2109375 0.865234375 0.32421875 0.865234375 0.32421875 0.79296875
0 0.421875 0.5625 0.353515625 0.5625 0.353515625 0.591796875 0.421875 0.591796875 0.421875 0.5625
0 0.4921875 0.76171875 0.3515625 0.76171875 0.3515625 0.80859375 0.4921875 0.80859375 0.4921875 0.76171875
0 0.578125 0.677734375 0.48828125 0.677734375 0.48828125 0.7265625 0.578125 0.7265625 0.578125 0.677734375
0 0.615234375 0.53125 0.568359375 0.53125 0.568359375 0.548828125 0.615234375 0.548828125 0.615234375 0.53125
0 0.71484375 0.587890625 0.6484375 0.587890625 0.6484375 0.630859375 0.71484375 0.630859375 0.71484375 0.587890625
0 0.77734375 0.744140625 0.720703125 0.744140625 0.720703125 0.76953125 0.77734375 0.76953125 0.77734375 0.744140625
0 0.298828125 0.484375 0.240234375 0.484375 0.240234375 0.5234375 0.298828125 0.5234375 0.298828125 0.484375
0 0.52734375 0.453125 0.453125 0.453125 0.453125 0.4921875 0.52734375 0.4921875 0.52734375 0.453125