0 0.427734375 0.796875 0.275390625 0.796875 0.275390625 0.92578125 0.427734375 0.92578125 0.427734375 0.796875
0 0.365234375 0.556640625 0.16796875 0.556640625 0.16796875 0.697265625 0.365234375 0.697265625 0.365234375 0.556640625
0 0.125 0.44921875 0.044921875 0.44921875 0.044921875 0.515625 0.125 0.515625 0.125 0.44921875
0 0.22265625 0.46875 0.150390625 0.46875 0.150390625 0.517578125 0.22265625 0.517578125 0.22265625 0.46875
0 0.283203125 0.3984375 0.21484375 0.3984375 0.21484375 0.412109375 0.283203125 0.412109375 0.283203125 0.3984375
0 0.283203125 0.439453125 0.216796875 0.439453125 0.216796875 0.458984375 0.283203125 0.458984375 0.283203125 0.439453125
0 0.578125 0.6484375 0.419921875 0.6484375 0.419921875 0.779296875 0.578125 0.779296875 0.578125 0.6484375
0 0.42578125 0.439453125 0.30859375 0.439453125 0.30859375 0.48046875 0.42578125 0.48046875 0.42578125 0.439453125
0 0.328125 0.486328125 0.267578125 0.486328125 0.267578125 0.52734375 0.328125 0.52734375 0.328125 0.486328125
0 0.8125 0.482421875 0.72265625 0.482421875 0.72265625 0.53515625 0.8125 0.53515625 0.8125 0.482421875
0 0.759765625 0.404296875 0.67578125 0.404296875 0.67578125 0.439453125 0.759765625 0.439453125 0.759765625 0.404296875
0 0.21875 0.34375 0.158203125 0.34375 0.158203125 0.380859375 0.21875 0.380859375 0.21875 0.34375
0 0.396484375 0.29296875 0.375 0.29296875 0.375 0.333984375 0.396484375 0.333984375 0.396484375 0.29296875
0 0.38671875 0.2421875 0.365234375 0.2421875 0.365234375 0.2890625 0.38671875 0.2890625 0.38671875 0.2421875
0 1 0.517578125 0.923828125 0.517578125 0.923828125 0.603515625 1 0.603515625 1 0.517578125
0 0.779296875 0.349609375 0.7421875 0.349609375 0.7421875 0.369140625 0.779296875 0.369140625 0.779296875 0.349609375