0 0.4296875 0.70703125 0.361328125 0.70703125 0.361328125 0.74609375 0.4296875 0.74609375 0.4296875 0.70703125
0 0.650390625 0.759765625 0.5546875 0.759765625 0.5546875 0.8046875 0.650390625 0.8046875 0.650390625 0.759765625
0 0.74609375 0.87109375 0.626953125 0.87109375 0.626953125 0.94140625 0.74609375 0.94140625 0.74609375 0.87109375
0 0.3125 0.841796875 0.201171875 0.841796875 0.201171875 0.875 0.3125 0.875 0.3125 0.841796875
0 0 0.9921875 0.08203125 0.9921875 0.08203125 0.9140625 0 0.9140625 0 0.9921875
0 0.083984375 0.837890625 0.025390625 0.837890625 0.025390625 0.884765625 0.083984375 0.884765625 0.083984375 0.837890625
0 0.15625 0.734375 0.078125 0.734375 0.078125 0.837890625 0.15625 0.837890625 0.15625 0.734375
0 0.421875 0.798828125 0.35546875 0.798828125 0.35546875 0.84765625 0.421875 0.84765625 0.421875 0.798828125
0 0.296875 0.763671875 0.220703125 0.763671875 0.220703125 0.787109375 0.296875 0.787109375 0.296875 0.763671875
0 0.328125 0.662109375 0.275390625 0.662109375 0.275390625 0.67578125 0.328125 0.67578125 0.328125 0.662109375
0 0.5625 0.673828125 0.49609375 0.673828125 0.49609375 0.701171875 0.5625 0.701171875 0.5625 0.673828125
0 0.689453125 0.673828125 0.6015625 0.673828125 0.6015625 0.697265625 0.689453125 0.697265625 0.689453125 0.673828125
0 0.92578125 0.720703125 0.853515625 0.720703125 0.853515625 0.798828125 0.92578125 0.798828125 0.92578125 0.720703125
0 1 0.8984375 0.873046875 0.8984375 0.873046875 0.931640625 1 0.931640625 1 0.8984375